Begin GEOMATIC file header
type                                    = MRPolygonsComp
name                                    = 
projectvisible                          = FALSE
description                             = 
category                                = ProjectBoundary
keyname                                 = ProjectBoundary
color                                   = 1.0000000e+000 6.4705884e-001 0.0000000e+000 
stamp                                   = 1405506158
extdatasrckey                           = 
zdomaintag                              = UNKNOWN
keystring                               = 
closedpolygons                          = FALSE
width                                   = 3.5277777777777787e-004 
point_size                              = 1.7638888888834993e-003 
factor                                  = 1
pattern                                 = 65535
filled                                  = FALSE
fillonlyclosed                          = TRUE
allpointson                             = FALSE
onlypoints                              = FALSE
Hole in polygon                         = FALSE
linepattern                             = 1
linepatternon                           = FALSE
weight                                  = 1.0000000e-003 
period                                  = 9.9999998e-003 
amplitude                               = 3.0000000e-003 
linepattern_color                       = 0.0000000e+000 0.0000000e+000 0.0000000e+000 
beginstyle                              = 1
endstyle                                = 1
masking                                 = 1
mask_poly_id                            = 000000000000000000000000000000000000000000000000
mask_pattern                            = 3
masking_on                              = 0
attr_ctr                                = 0
annotate                                = 0
textcolor                               = 0.0000000e+000 0.0000000e+000 0.0000000e+000 
autotextcolor                           = 0
fontsize                                = 3.5277777777777785e-003 
fontfamily                              = SANS_SERIF
fontbold                                = 0
fontitalic                              = 0
fontunderline                           = 0
usefontdefault                          = 0
attrinames.size                         = 0
orientation                             = 0
showshotpoints                          = 0
shotpointcolor                          = 0.0000000e+000 0.0000000e+000 1.0000000e-003 
shotinterval                            = 100
shotpointsize                           = 1.7638888888888893e-003 
annotateshots                           = 0
shottextcolor                           = 0.0000000e+000 0.0000000e+000 0.0000000e+000 
shotautotextcolor                       = 0
shotfontsize                            = 3.5277777777777785e-003 
shotfontfamily                          = SANS_SERIF
shotfontbold                            = 0
shotfontitalic                          = 0
shotfontunderline                       = 0
useshotfontdefault                      = 0
shotannointerval                        = 100
shotannoorientation                     = 1
hasparameters                           = FALSE
elements                                = 0
shared                                  = TRUE
filetype                                = BINARY
fileversion                             = 2013.7000
End GEOMATIC file header
